60.5169,57.8296,55.6146,54.2658,53.047,51.7021,50.5857,49.45,48.6302,47.8472,47.35,46.7313,46.6509,46.7616,46.7689,47.0698,47.1729,47.8024,48.4882,49.09,50.2596,51.5874,52.701,54.5678,56.1011,57.7499,59.7524,61.7032,63.9196,67.1704,69.2546,71.823
75.3049,72.5836,70.208,68.8915,67.8143,66.388,65.2272,64.258,63.3141,62.5142,62.0396,61.5796,61.2786,61.2787,61.3186,61.4567,61.921,62.4142,63.1481,64.1156,65.0024,66.2078,67.4819,68.9118,70.6162,72.5326,74.2845,76.4523,78.2106,80.5673,84.1229,86.0369
89.8266,87.3384,85.0203,83.7655,82.6953,81.1391,79.9495,79.0212,78.2658,77.1654,76.7669,76.3045,75.9437,76.1975,75.9657,75.9997,76.6208,77.0918,77.7971,78.6358,79.635,80.9576,82.1383,83.5451,85.1439,86.9688,89.0126,91.0399,93.4745,96.0629,98.4012,100.8554
104.8766,102.1494,99.8524,98.4181,97.4189,96.1206,94.8311,93.7523,92.965,92.1225,91.5393,91.032,90.767,90.8508,90.7149,90.9944,91.5245,91.8238,92.5903,93.376,94.3988,95.6845,96.812,98.2789,100.0555,101.5937,103.8851,105.7623,108.2072,110.22,112.7653,115.6262
119.795,117.0898,114.8791,113.4629,112.3363,110.9043,109.749,108.5749,107.6762,106.8437,106.3167,106.0293,105.7645,105.5566,105.5183,105.9997,106.3227,106.6214,107.306,108.1021,109.1783,110.3343,111.7663,113.0313,114.6134,116.3743,118.6231,120.5289,122.4177,125.0202,127.3618,130.274
134.6635,132.0427,129.8415,128.4516,127.3005,125.9658,124.7066,123.3801,122.6108,121.7445,121.1397,120.9269,120.5005,120.5241,120.4268,120.6657,120.8704,121.4979,122.2759,123.1463,124.1423,125.0624,126.3997,127.7384,129.3587,131.2048,133.1332,135.3314,137.3869,139.7607,142.0902,144.9966
149.7297,147.2954,144.8637,143.5459,142.2967,140.8467,139.7056,138.3949,137.5596,136.7963,136.0929,135.7661,135.4629,135.4039,135.4239,135.5146,135.8888,136.4112,137.1597,138.0004,138.8856,139.9678,141.3602,142.7045,144.2926,145.9676,148.017,150.1296,152.428,154.6983,157.1054,159.8288
164.8143,162.1915,159.8605,158.6434,157.3761,155.9551,154.5695,153.5051,152.5557,151.9267,151.3113,150.9287,150.4726,150.3985,150.5027,150.4754,150.9511,151.3956,152.0714,152.8669,153.7256,154.8476,156.1601,157.5955,159.2182,160.9612,162.8823,164.7431,166.9184,169.5828,172.2008,174.5814
180.1792,177.2575,175.1237,173.8219,172.6102,171.1287,169.7289,168.7819,167.8609,166.9335,166.365,166.0492,165.7402,165.482,165.6334,165.6636,166.1779,166.5944,167.1922,167.8132,168.9457,169.9269,171.2485,172.7366,174.2,175.8999,177.8922,179.9396,182.1677,184.5725,187.0177,189.6358
195.5457,192.7341,190.5687,189.1253,187.8873,186.3889,185.1318,184.1149,183.0752,182.2969,181.6274,181.2241,180.9513,180.7125,180.6978,180.9103,181.2507,181.7426,182.3138,183.1489,184.128,185.1242,186.3679,187.8042,189.338,191.0387,192.8862,195.1101,197.4451,199.5737,201.8865,204.7661
210.9133,208.1691,205.9536,204.5425,203.318,201.7402,200.5259,199.3764,198.4992,197.7667,197.0421,196.6112,196.2428,196.1214,196.0176,196.3178,196.5412,196.9926,197.6368,198.3998,199.3441,200.4158,201.5886,203.0343,204.5972,206.3003,208.2218,210.1448,212.3952,214.6815,217.1938,219.9208
226.4802,223.6932,221.4545,220.0998,218.8155,217.3115,216.0863,214.8702,213.9519,213.0881,212.5812,211.9843,211.7766,211.5796,211.563,211.7134,211.9779,212.384,212.9396,213.7856,214.6632,215.7622,216.9928,218.4125,219.967,221.6369,223.5843,225.6139,227.7057,229.9511,232.5476,235.1754
242.1074,239.2396,237.1911,235.7437,234.4831,232.9338,231.6247,230.6577,229.6247,228.7496,228.1804,227.6534,227.2836,227.0891,227.0833,227.205,227.4689,227.9553,228.4392,229.2604,230.2248,231.2309,232.4804,233.8548,235.4703,237.0971,238.8724,240.8928,243.0784,245.4001,247.8985,250.4344
257.8785,255.1005,252.9966,251.5601,250.2722,248.6432,247.3393,246.2496,245.3055,244.538,243.7544,243.3436,242.9857,242.7717,242.7236,242.8475,243.1497,243.5634,244.1259,244.9147,245.8135,246.8932,248.0872,249.3498,250.9326,252.6693,254.4585,256.4357,258.5946,260.9258,263.3954,266.0172
273.8313,271.0691,268.9047,267.5059,266.1534,264.5676,263.2951,262.1173,261.1114,260.3479,259.6592,259.1715,258.7881,258.6293,258.4988,258.6925,258.9106,259.358,259.9749,260.6636,261.5546,262.6105,263.7549,265.273,266.6229,268.3457,270.155,272.1742,274.2333,276.5557,279.0086,281.6438
289.9627,287.1664,284.9672,283.5687,282.2345,280.5972,279.2958,278.1666,277.1566,276.3314,275.7089,275.1617,274.7805,274.5608,274.5011,274.6394,274.857,275.3465,275.8171,276.5798,277.4363,278.4953,279.7331,280.9531,282.5368,284.1545,285.9894,287.9592,290.0546,292.3275,294.7591,297.342
306.1899,303.3143,301.1731,299.7995,298.4128,296.812,295.4855,294.3261,293.359,292.4458,291.8298,291.2648,290.8957,290.6732,290.6215,290.7261,290.9205,291.3241,291.8694,292.5923,293.4382,294.4494,295.6014,297.0487,298.523,300.1344,301.9604,303.8671,306.021,308.2552,310.6986,313.3054
322.5635,319.717,317.6266,316.1728,314.7553,313.1159,311.778,310.6757,309.5927,308.7802,308.0671,307.5138,307.148,306.895,306.8398,306.9262,307.1408,307.519,308.1126,308.7323,309.6823,310.6568,311.8278,313.1281,314.6089,316.2519,318.0134,319.978,322.1485,324.3202,326.6831,329.2769
339.1154,336.2104,334.1151,332.7223,331.2527,329.5686,328.2807,327.0982,326.0863,325.23,324.4753,323.9967,323.5496,323.304,323.2534,323.2854,323.5179,323.8947,324.4017,325.1267,325.9241,326.8985,328.1001,329.4629,330.8578,332.5385,334.3156,336.289,338.2904,340.5418,343.0008,345.4939
355.7839,352.9437,350.7706,349.3731,347.9137,346.2773,344.9218,343.7296,342.6979,341.8286,341.1194,340.5288,340.1003,339.8776,339.7725,339.8266,340.0278,340.4199,340.9303,341.6063,342.4341,343.4068,344.577,345.8531,347.3319,348.8717,350.6999,352.6257,354.6831,356.9414,359.3313,361.8357
372.7085,369.7887,367.6454,366.2195,364.7406,363.0835,361.7443,360.5313,359.4648,358.6004,357.8461,357.3097,356.8834,356.6111,356.4886,356.5479,356.7424,357.1057,357.6169,358.29,359.1131,360.0698,361.188,362.5014,363.9235,365.5332,367.2911,369.1787,371.2478,373.4411,375.774,378.3611
389.7241,386.8284,384.6861,383.2772,381.7526,380.0564,378.7113,377.4944,376.4476,375.5397,374.8019,374.1978,373.7841,373.5156,373.3762,373.4243,373.6068,373.9468,374.4453,375.0819,375.9077,376.8516,377.9709,379.2269,380.6747,382.2438,384.0075,385.9037,387.9343,390.1361,392.496,394.9995
406.9508,404.0535,401.913,400.4471,398.955,397.2305,395.8576,394.6427,393.5786,392.6889,391.9113,391.3122,390.8665,390.5832,390.4558,390.4757,390.6496,390.9626,391.4467,392.0982,392.8829,393.8307,394.9504,396.1984,397.5926,399.2049,400.926,402.7878,404.8308,407.0411,409.3178,411.8704
424.3719,421.4225,419.2994,417.857,416.3119,414.6009,413.2216,411.9809,410.898,409.9689,409.1957,408.5932,408.1418,407.838,407.6979,407.6953,407.8548,408.1748,408.6457,409.2598,410.0494,410.9848,412.0981,413.2998,414.7391,416.2852,417.9837,419.8555,421.8631,424.0838,426.3727,428.8569
441.959,439.0271,436.9103,435.4138,433.8698,432.1383,430.7307,429.4775,428.3956,427.4626,426.6811,426.0546,425.6001,425.271,425.1066,425.102,425.234,425.5715,426.0138,426.6301,427.3887,428.3179,429.3789,430.6249,432.0224,433.5506,435.273,437.1025,439.0867,441.2581,443.5915,446.0456
459.7523,456.7762,454.6866,453.1724,451.5974,449.8475,448.4357,447.1856,446.1052,445.1329,444.352,443.6922,443.2271,442.8994,442.72,442.6962,442.8361,443.1311,443.5781,444.163,444.9348,445.8244,446.8942,448.1172,449.4959,451.0244,452.7041,454.5384,456.5159,458.68,460.9784,463.4638
477.7375,474.7534,472.6521,471.1242,469.5283,467.7639,466.3467,465.0868,463.9586,462.9975,462.188,461.5445,461.0469,460.7022,460.5284,460.4848,460.6055,460.8841,461.3094,461.9017,462.65,463.5216,464.5782,465.79,467.1527,468.664,470.3303,472.1397,474.1161,476.2365,478.5334,480.988
495.9359,492.9167,490.8066,489.2854,487.6365,485.8869,484.4452,483.1667,482.0389,481.0473,480.2459,479.5718,479.0671,478.695,478.507,478.4711,478.5751,478.8467,479.2461,479.8198,480.5593,481.4125,482.469,483.6432,484.991,486.4874,488.1434,489.9428,491.9272,494.0141,496.3034,498.7302
514.2715,511.2665,509.164,507.6221,505.9661,504.2053,502.7416,501.4416,500.3054,499.3182,498.4872,497.7975,497.2837,496.9175,496.7161,496.6397,496.7223,496.9895,497.3898,497.947,498.6594,499.5127,500.5333,501.71,503.0442,504.5069,506.1653,507.9458,509.9052,512.0093,514.2345,516.6379
532.8557,529.8306,527.723,526.1489,524.4843,522.7013,521.2237,519.9167,518.763,517.7619,516.9208,516.2263,515.6931,515.3037,515.0821,515.023,515.0803,515.3222,515.7017,516.2456,516.9416,517.7883,518.789,519.9521,521.2632,522.735,524.3563,526.1288,528.06,530.1428,532.3728,534.7719
551.6574,548.5987,546.4958,544.9253,543.2298,541.4428,539.9461,538.6146,537.4521,536.4518,535.5828,534.8742,534.3265,533.9405,533.6795,533.5957,533.662,533.8731,534.2497,534.7749,535.4535,536.2992,537.2695,538.413,539.7313,541.1731,542.7743,544.5484,546.4303,548.5024,550.7282,553.1218
570.6608,567.5999,565.4904,563.909,562.1814,560.3765,558.8748,557.5468,556.3595,555.3196,554.4461,553.7217,553.153,552.7378,552.4943,552.3979,552.4418,552.6377,552.993,553.5015,554.1613,554.9858,555.962,557.097,558.3667,559.812,561.4129,563.1358,565.0244,567.0778,569.2719,571.6302
589.8873,586.826,584.694,583.1012,581.3504,579.5068,578.011,576.6614,575.4539,574.4143,573.5397,572.8003,572.2125,571.7724,571.505,571.3921,571.4182,571.6127,571.9495,572.4363,573.101,573.8907,574.8475,575.96,577.2296,578.6578,580.2379,581.9521,583.8289,585.8525,588.0577,590.3823
609.2934,606.2322,604.1258,602.5011,600.7397,598.8904,597.3756,595.9998,594.7882,593.7386,592.8291,592.0823,591.4861,591.0412,590.7476,590.6108,590.6311,590.8,591.1268,591.5982,592.2408,593.0182,593.9561,595.0554,596.312,597.7042,599.2708,600.9662,602.8323,604.8548,607.0357,609.3519
629.0011,625.8956,623.7515,622.1332,620.3462,618.4954,616.9548,615.5723,614.336,613.2635,612.3423,611.5848,610.9576,610.5013,610.2016,610.0585,610.045,610.2113,610.508,610.9827,611.5994,612.3583,613.2803,614.3555,615.595,616.9833,618.5276,620.2107,622.0427,624.0416,626.1812,628.5055
648.9003,645.7656,643.6362,642.005,640.1805,638.3165,636.7602,635.3595,634.1163,633.0225,632.094,631.3115,630.6885,630.1942,629.8778,629.71,629.695,629.834,630.1242,630.5716,631.1726,631.9239,632.828,633.8884,635.1072,636.4823,638.0003,639.6524,641.484,643.4715,645.6242,647.8994
669.0487,665.89,663.7528,662.0967,660.2407,658.3661,656.7977,655.3873,654.116,653.0071,652.0604,651.2624,650.6175,650.1236,649.7833,649.6084,649.5634,649.6906,649.9645,650.4001,650.9829,651.7097,652.6031,653.6461,654.8317,656.1993,657.6918,659.3512,661.1563,663.1257,665.2447,667.4961
689.39,686.2369,684.1246,682.4036,680.5405,678.6516,677.0577,675.6296,674.3549,673.2263,672.2695,671.4527,670.7842,670.2731,669.9329,669.7259,669.6886,669.7849,670.0441,670.4532,671.0087,671.7308,672.6001,673.6177,674.8049,676.1401,677.6221,679.2593,681.0427,682.9732,685.0993,687.3467
710.0132,706.826,704.7223,702.9912,701.1023,699.1866,697.5738,696.1444,694.8344,693.6938,692.7082,691.873,691.1939,690.6828,690.3062,690.0851,690.0143,690.1201,690.3464,690.7493,691.2853,691.9793,692.8346,693.8371,694.9958,696.3144,697.7801,699.4028,701.1647,703.08,705.1746,707.4119
730.8506,727.6511,725.538,723.8121,721.9001,719.9492,718.3271,716.8536,715.5572,714.3893,713.3899,712.5473,711.8536,711.3004,710.9079,710.689,710.5938,710.6616,710.8849,711.2521,711.7907,712.4736,713.3135,714.2944,715.4367,716.7279,718.1924,719.7679,721.544,723.4195,725.4821,727.696
751.9405,748.7153,746.5989,744.8447,742.9009,740.9545,739.3177,737.8333,736.5067,735.3405,734.3163,733.4576,732.7414,732.1802,731.7712,731.5163,731.4069,731.4708,731.6482,732.0245,732.5287,733.186,734.0107,734.9649,736.0902,737.3719,738.8072,740.3861,742.1177,744.0011,746.0369,748.2343
773.2374,770.0787,767.8868,766.1519,764.1788,762.205,760.5526,759.0706,757.727,756.5281,755.49,754.6104,753.8725,753.301,752.8668,752.5978,752.4793,752.5024,752.6963,753.0273,753.5331,754.155,754.9685,755.9225,757.0247,758.2666,759.6753,761.2304,762.9427,764.8354,766.8248,769.0168
794.8591,791.62,789.497,787.6776,785.6868,783.7232,782.0418,780.5316,779.1745,777.957,776.8971,775.9979,775.2589,774.6558,774.2187,773.9193,773.7829,773.8008,773.9595,774.289,774.7305,775.3722,776.1598,777.0802,778.1595,779.4045,780.7993,782.3489,784.0162,785.8542,787.8875,790.0123
816.6942,813.4599,811.3069,809.4736,807.479,805.4652,803.7865,802.2513,800.882,799.6415,798.5814,797.6584,796.8799,796.2855,795.7866,795.4889,795.3453,795.3377,795.4683,795.786,796.2346,796.8285,797.5845,798.5038,799.5698,800.7848,802.1593,803.6555,805.3382,807.18,809.136,811.2704
838.8163,835.5328,833.3901,831.5369,829.5155,827.5026,825.7796,824.2503,822.8282,821.6139,820.4946,819.5596,818.7824,818.1391,817.6609,817.3215,817.1511,817.1281,817.2415,817.5353,817.9629,818.5343,819.2837,820.1659,821.2194,822.414,823.7663,825.2522,826.9167,828.7254,830.6683,832.7948
861.2361,857.926,855.7202,853.8761,851.813,849.7741,848.0466,846.4862,845.0699,843.8073,842.6768,841.7274,840.9146,840.2668,839.7657,839.4165,839.2058,839.1819,839.2688,839.5491,839.96,840.5254,841.2334,842.1005,843.1188,844.2854,845.6222,847.0997,848.7237,850.531,852.4673,854.5563
883.8489,880.5154,878.3675,876.4572,874.3704,872.3349,870.5908,868.9852,867.5445,866.2618,865.1376,864.1556,863.3474,862.661,862.1339,861.7616,861.5419,861.4845,861.5667,861.8305,862.2087,862.7349,863.4365,864.2904,865.2975,866.4496,867.754,869.2127,870.8146,872.5646,874.4838,876.5635
906.7269,903.4246,901.2424,899.3366,897.2016,895.155,893.3942,891.7741,890.3174,889.0116,887.86,886.8604,886.0202,885.3197,884.7721,884.3805,884.1317,884.0594,884.113,884.3398,884.7156,885.2399,885.9159,886.7331,887.7227,888.844,890.1458,891.57,893.1575,894.8974,896.7989,898.8371
929.9233,926.5767,924.4005,922.4522,920.3136,918.2371,916.4627,914.8215,913.3419,912.0368,910.8523,909.8237,908.9616,908.245,907.678,907.2723,907.0113,906.9106,906.952,907.1529,907.497,908.0067,908.6315,909.4517,910.3927,911.521,912.7697,914.2053,915.7734,917.4785,919.3486,921.3757
953.3989,950.062,947.8264,945.87,943.704,941.6094,939.81,938.1536,936.6554,935.3118,934.1156,933.0709,932.1777,931.4484,930.8535,930.4378,930.1554,930.0191,930.0506,930.2292,930.5505,931.0206,931.6616,932.4558,933.3607,934.4696,935.7247,937.0858,938.6304,940.3243,942.1621,944.1581
977.1871,973.7621,971.5081,969.5841,967.3699,965.2747,963.4339,961.7481,960.2379,958.8841,957.661,956.592,955.6919,954.9243,954.3191,953.8561,953.5605,953.4103,953.417,953.5728,953.8828,954.303,954.9397,955.6896,956.5954,957.6732,958.8981,960.2647,961.8042,963.4516,965.2812,967.2625
1001.1921,997.7996,995.5672,993.5405,991.3336,989.1829,987.3391,985.6469,984.1155,982.7223,981.4826,980.408,979.4781,978.6826,978.0785,977.5804,977.2658,977.1052,977.0655,977.1992,977.4798,977.9149,978.4918,979.2356,980.1105,981.1774,982.3814,983.7347,985.1919,986.866,988.6373,990.6107
1025.4764,1022.0625,1019.8622,1017.814,1015.5561,1013.3943,1011.5473,1009.838,1008.2606,1006.852,1005.5896,1004.4867,1003.5244,1002.7391,1002.0874,1001.5896,1001.2431,1001.0453,1001.0,1001.1164,1001.3765,1001.7726,1002.3295,1003.0348,1003.9218,1004.954,1006.1202,1007.4144,1008.8969,1010.5167,1012.3057,1014.2373
1050.1078,1046.634,1044.3943,1042.3518,1040.0868,1037.9411,1036.0394,1034.2971,1032.7181,1031.2744,1030.0094,1028.8632,1027.8886,1027.0692,1026.4022,1025.8665,1025.5134,1025.2819,1025.2037,1025.2991,1025.5255,1025.912,1026.445,1027.1415,1028.0166,1028.9924,1030.1362,1031.4412,1032.8908,1034.472,1036.1872,1038.1797
1075.0859,1071.5588,1069.2883,1067.2131,1064.9118,1062.7325,1060.8052,1059.0536,1057.4368,1056.0071,1054.6752,1053.5317,1052.5404,1051.6903,1050.9852,1050.4399,1050.0461,1049.8082,1049.7279,1049.7907,1049.996,1050.3519,1050.8624,1051.5352,1052.3294,1053.3282,1054.4515,1055.7149,1057.1118,1058.7502,1060.4075,1062.3152
1100.2404,1096.752,1094.4212,1092.3731,1090.0718,1087.8288,1085.8825,1084.1216,1082.4944,1081.0176,1079.6699,1078.5165,1077.4904,1076.6004,1075.8974,1075.3257,1074.8996,1074.6411,1074.5231,1074.5653,1074.7581,1075.099,1075.5725,1076.2131,1076.9849,1077.9606,1079.0413,1080.2848,1081.6922,1083.2333,1084.9367,1086.8348
1125.7574,1122.2443,1119.9526,1117.8439,1115.436,1113.2247,1111.2741,1109.4807,1107.838,1106.3448,1104.9823,1103.7871,1102.7425,1101.8407,1101.0793,1100.4917,1100.0663,1099.7565,1099.6176,1099.6303,1099.7989,1100.1119,1100.5704,1101.1889,1101.9658,1102.8932,1103.9425,1105.1926,1106.5489,1108.0831,1109.6981,1111.5671
1151.5665,1148.0904,1145.717,1143.6148,1141.2039,1138.9452,1136.9767,1135.1646,1133.4853,1131.9481,1130.5789,1129.3478,1128.2994,1127.3619,1126.5976,1125.9778,1125.5174,1125.2133,1125.0408,1125.0215,1125.1518,1125.4372,1125.8715,1126.4758,1127.2373,1128.1462,1129.1477,1130.3421,1131.6724,1133.2013,1134.779,1136.6341
1177.7215,1174.2326,1171.864,1169.6744,1167.2824,1164.9776,1162.9967,1161.1316,1159.4395,1157.8902,1156.5098,1155.2478,1154.1504,1153.2158,1152.4345,1151.7775,1151.2888,1150.9463,1150.7302,1150.7019,1150.8176,1151.0721,1151.4917,1152.0344,1152.7776,1153.6771,1154.665,1155.8289,1157.1134,1158.6351,1160.2017,1161.999
1204.2884,1200.6427,1198.2999,1196.1224,1193.598,1191.3403,1189.3242,1187.438,1185.7311,1184.1317,1182.7166,1181.454,1180.3279,1179.3325,1178.5241,1177.8737,1177.3598,1176.9901,1176.7622,1176.6954,1176.7845,1177.0094,1177.4211,1177.9173,1178.6257,1179.4935,1180.4597,1181.6095,1182.903,1184.3218,1185.9682,1187.7058
1231.0108,1227.4241,1225.0047,1222.846,1220.3146,1218.0241,1215.9475,1214.0583,1212.3031,1210.7116,1209.2583,1207.9524,1206.8075,1205.8237,1204.9937,1204.256,1203.7464,1203.3648,1203.1026,1203.0134,1203.0696,1203.2917,1203.6374,1204.136,1204.8058,1205.6219,1206.5992,1207.6868,1208.9317,1210.4002,1211.959,1213.6864
1258.0812,1254.4959,1252.0856,1249.8343,1247.341,1245.026,1242.9139,1241.0052,1239.2444,1237.6154,1236.1273,1234.8254,1233.655,1232.6103,1231.727,1231.0223,1230.4595,1230.0429,1229.7513,1229.6576,1229.6439,1229.8667,1230.1766,1230.6609,1231.3177,1232.0985,1233.0629,1234.1176,1235.366,1236.7568,1238.2763,1239.9282
1285.5636,1281.9736,1279.4914,1277.3059,1274.6846,1272.3366,1270.2563,1268.2927,1266.4701,1264.8247,1263.343,1261.9695,1260.777,1259.712,1258.8134,1258.0946,1257.478,1257.0241,1256.7305,1256.5948,1256.6028,1256.736,1257.055,1257.5067,1258.1205,1258.8315,1259.7982,1260.88,1261.9797,1263.4028,1264.8932,1266.5689
1313.4173,1309.7144,1307.2325,1304.9673,1302.3761,1300.0252,1297.8702,1295.8831,1294.0577,1292.3769,1290.8357,1289.4601,1288.2436,1287.1811,1286.2587,1285.4718,1284.8241,1284.3613,1284.0345,1283.8343,1283.8244,1283.9304,1284.2303,1284.666,1285.2593,1285.9732,1286.8818,1287.8785,1289.0383,1290.4276,1291.9357,1293.572
1341.5772,1337.7738,1335.2041,1332.996,1330.3998,1328.0116,1325.86,1323.844,1321.9769,1320.2888,1318.7349,1317.2797,1316.0419,1314.9425,1313.9875,1313.19,1312.5329,1312.0395,1311.7063,1311.4689,1311.4391,1311.5448,1311.7521,1312.1428,1312.7246,1313.4373,1314.271,1315.2551,1316.4049,1317.7892,1319.2054,1320.8502
1369.9204,1366.2625,1363.8234,1361.4656,1358.7694,1356.3359,1354.1352,1352.1378,1350.246,1348.5209,1346.9053,1345.486,1344.1917,1343.0704,1342.0855,1341.2717,1340.5385,1340.0569,1339.6372,1339.421,1339.3501,1339.3939,1339.6382,1339.9958,1340.5311,1341.1846,1342.0079,1342.9781,1344.0592,1345.3292,1346.7578,1348.4064
1398.7615,1395.0843,1392.4129,1390.1144,1387.5067,1385.0577,1382.8353,1380.7704,1378.8463,1377.0848,1375.4532,1374.0039,1372.7079,1371.2912,1370.5202,1369.6608,1368.9377,1368.3981,1367.9755,1367.7331,1367.6071,1367.633,1367.8341,1368.1747,1368.6536,1369.3019,1370.0886,1371.0091,1372.0773,1373.2881,1374.7246,1376.1236
1427.9228,1424.3524,1421.6628,1419.224,1416.5801,1414.1054,1411.8834,1409.7961,1407.8271,1406.0286,1404.4003,1402.8919,1401.5561,1400.3652,1399.3194,1398.4291,1397.6865,1397.0672,1396.6324,1396.347,1396.2063,1396.2045,1396.3663,1396.6995,1397.1303,1397.7742,1398.5131,1399.4287,1400.4783,1401.6562,1402.9936,1404.6693
1457.5261,1453.6876,1451.1463,1448.8525,1445.9784,1443.5276,1441.2476,1439.112,1437.1586,1435.2951,1433.6387,1432.1278,1430.7798,1429.5111,1428.4622,1427.5521,1426.7579,1426.132,1425.6599,1425.3588,1425.1817,1425.1391,1425.2887,1425.5332,1426.0341,1426.5484,1427.3392,1428.0912,1429.2091,1430.4079,1431.8175,1433.1257
1487.5593,1483.6015,1481.1209,1478.6019,1475.7761,1473.265,1471.0103,1468.8418,1466.8408,1465.0138,1463.268,1461.7174,1460.3324,1459.0854,1457.9463,1457.0249,1456.2118,1455.5683,1455.0438,1454.6982,1454.5038,1454.4316,1454.5339,1454.7898,1455.1715,1455.7575,1456.452,1457.233,1458.2566,1459.3893,1460.6245,1462.2544
1517.7778,1513.9928,1511.2211,1508.8074,1506.0705,1503.4509,1501.0967,1498.8814,1496.9029,1495.0245,1493.2623,1491.7218,1490.2618,1489.002,1487.8295,1486.8414,1486.0161,1485.3366,1484.8007,1484.4356,1484.2109,1484.0978,1484.1117,1484.4057,1484.6997,1485.1832,1485.8367,1486.7271,1487.6029,1488.7349,1489.8836,1491.3781
1548.5048,1544.6082,1541.7396,1539.353,1536.5816,1534.0032,1531.6332,1529.4278,1527.3177,1525.4155,1523.6741,1522.0324,1520.5609,1519.2719,1518.0655,1517.0658,1516.2161,1515.4874,1514.8939,1514.5049,1514.2229,1514.0924,1514.1254,1514.3453,1514.6188,1515.1352,1515.7579,1516.523,1517.4852,1518.4387,1519.9012,1520.9769
1579.6066,1575.5736,1572.887,1570.4207,1567.4532,1564.9442,1562.5101,1560.2576,1558.115,1556.2131,1554.4306,1552.7686,1551.2371,1549.9255,1548.729,1547.6286,1546.7747,1546.0035,1545.3604,1544.9227,1544.646,1544.5537,1544.5027,1544.6272,1544.926,1545.3036,1545.9477,1546.602,1547.5588,1548.7742,1549.6947,1551.0041
1610.9183,1606.9735,1604.068,1601.7567,1598.96,1596.1921,1593.7543,1591.4881,1589.3229,1587.3682,1585.5472,1583.8533,1582.3219,1580.9296,1579.7131,1578.6352,1577.7224,1576.9167,1576.2722,1575.8217,1575.4519,1575.2339,1575.1816,1575.3365,1575.5879,1575.9875,1576.4978,1577.2525,1578.1811,1579.1911,1580.1439,1581.4056
1642.9029,1639.0239,1635.9372,1633.5075,1630.4737,1627.8803,1625.4342,1623.1443,1620.9747,1618.9635,1617.0567,1615.3649,1613.784,1612.3513,1611.098,1609.9933,1608.9646,1608.1469,1607.5657,1606.9619,1606.5652,1606.3916,1606.3468,1606.4741,1606.66,1606.9558,1607.5191,1608.1967,1608.9419,1609.9348,1611.4878,1612.3108
1675.1854,1671.2421,1668.3172,1665.7155,1662.6744,1659.9649,1657.5411,1655.1752,1652.9857,1650.9077,1648.9648,1647.1913,1645.6338,1644.2186,1642.8669,1641.7491,1640.7321,1639.8935,1639.1789,1638.5702,1638.1848,1637.9155,1637.8794,1637.8474,1638.0392,1638.4667,1639.0311,1639.4103,1640.3464,1641.1943,1642.0921,1643.0537
1707.8962,1703.3044,1700.7843,1698.1301,1695.1975,1692.5856,1689.9052,1687.5779,1685.3066,1683.2923,1681.2726,1679.5166,1677.9122,1676.4347,1675.0552,1673.9209,1672.8435,1671.9878,1671.2662,1670.6004,1670.1698,1669.8472,1669.807,1669.6467,1669.8507,1670.1711,1670.7074,1671.0992,1671.675,1672.8198,1674.1997,1674.7707
1740.8107,1736.9408,1734.0316,1731.1606,1728.2294,1725.4114,1722.8632,1720.5727,1718.1162,1715.9792,1714.046,1712.3176,1710.5315,1709.0608,1707.7348,1706.4451,1705.3411,1704.4796,1703.6597,1703.0309,1702.6228,1702.2859,1701.9841,1702.0495,1702.0615,1702.3758,1702.807,1703.3105,1704.2645,1705.0045,1705.7749,1708.081
1775.5949,1770.2238,1767.3513,1764.7601,1761.532,1758.7531,1756.1873,1753.6275,1751.4008,1749.248,1747.1773,1745.3833,1743.6112,1742.1718,1740.7352,1739.4516,1738.2928,1737.3724,1736.5514,1736.0014,1735.4194,1734.9531,1734.7551,1734.6887,1734.7753,1735.1037,1735.2879,1736.0313,1736.5789,1737.4664,1738.4704,1740.3463
1808.0336,1804.232,1804.5916,1798.3645,1795.2473,1792.6104,1789.7651,1787.4066,1784.9977,1782.8512,1780.7669,1778.9777,1777.2008,1775.6618,1774.1055,1772.7843,1771.6901,1770.681,1769.927,1769.0351,1768.5835,1768.1713,1767.8498,1767.7831,1767.8752,1767.9488,1768.4189,1768.7568,1769.8043,1770.1243,1772.0085,1772.0109
1842.1144,1838.2974,1837.0279,1832.8688,1829.5324,1826.6973,1824.1473,1821.475,1819.0789,1816.7407,1814.7436,1812.9129,1811.1959,1809.3556,1808.0895,1806.6965,1805.4176,1804.3744,1803.5252,1802.7548,1802.1822,1801.7697,1801.4636,1801.3103,1801.3442,1801.3001,1801.7928,1802.3722,1802.9978,1804.2237,1804.9936,1807.3648
1866.5035,1871.8628,1871.41,1877.1287,1864.1144,1861.4355,1858.5768,1856.0813,1853.676,1851.3519,1849.2641,1847.3288,1845.5306,1843.7692,1842.2623,1840.8111,1839.6704,1838.5681,1837.8474,1836.7703,1836.0997,1835.7991,1835.4523,1835.0134,1835.119,1835.3982,1835.4564,1835.957,1836.6451,1836.9659,1837.138,1838.2148
1892.7354,1893.6054,1893.0446,1901.5994,1899.4601,1896.7145,1893.7133,1891.0326,1888.7489,1886.2985,1884.255,1882.2576,1880.2907,1878.6303,1876.9405,1875.545,1874.3825,1873.3506,1872.4858,1871.2756,1870.8117,1870.264,1869.8027,1869.4543,1869.5213,1869.5887,1869.9859,1870.0314,1872.0814,1872.8855,1871.5557,1869.8964
1920.942,1923.5372,1921.5415,1919.9908,1917.3805,1919.2016,1918.4761,1921.6421,1924.2258,1921.9811,1919.4933,1917.5824,1915.7163,1913.8859,1912.1884,1910.6935,1909.4524,1908.2282,1907.3503,1906.3703,1905.9108,1905.1099,1904.6887,1904.3202,1904.5133,1904.5541,1905.5986,1905.2904,1905.0534,1907.7583,1902.6871,1900.5272
1984.6439,1989.9921,1975.5049,1974.4725,1971.1738,1967.8048,1965.441,1962.9595,1960.4985,1957.7419,1955.3835,1953.2987,1951.2416,1949.4614,1947.8435,1946.2047,1944.8389,1943.8268,1942.6957,1941.7099,1941.4382,1940.2724,1940.3597,1939.5494,1939.443,1939.0397,1939.9159,1935.8488,1939.7659,1940.6367,1941.7437,1941.0159
2005.9276,2004.5938,2006.2861,2011.5198,2007.2639,2004.1368,2002.1178,1999.2874,1996.2013,1994.1815,1991.7492,1989.6612,1987.528,1985.9757,1984.2872,1982.5038,1981.0245,1979.8929,1978.6965,1978.0819,1976.6237,1976.0941,1975.3772,1975.2699,1975.0212,1975.2426,1973.4834,1974.9171,1975.3499,1974.2389,1974.9873,1956.3128
2033.9966,2037.8796,2035.3903,2037.9917,2044.5804,2041.4209,2038.682,2034.7069,2033.091,2030.8761,2028.4845,2026.1896,2023.617,2022.4455,2020.5373,2018.7385,2017.4173,2016.3738,2014.6887,2014.1213,2013.4249,2012.6473,2012.6854,2012.4018,2011.7748,2011.5426,2011.3525,2010.5129,2009.2166,2009.9282,2009.0871,2009.29
